input_files/Крайнее_Ю1/Ascii grid grd/Проницаемость.grd
DSAA
353 440
 4.49492172566414E+0005  4.84692172566414E+0005
 7.02941937412262E+0006  7.07331937412262E+0006
 1.00000001490116E-0001  1.00000000000000E+0002
[rows 323 to 339 of 440, columns 117 to 155 of 353]
1.87824666500092E-0001 1.75104901194572E-0001 2.22364813089371E-0001 2.95493274927139E-0001 2.18769535422325E-0001 2.96211391687393E-0001 3.83149176836014E-0001 4.80838835239410E-0001 5.90217232704163E-0001 7.12360620498657E-0001 8.48723292350769E-0001 1.00124692916870E+0000 1.17236030101776E+0000 1.36487364768982E+0000 1.60323011875153E+0000 1.85266506671906E+0000 2.13147449493408E+0000 2.44107747077942E+0000 2.78173136711121E+0000 3.15225887298584E+0000 3.55001163482666E+0000 4.09014701843262E+0000 4.53478765487671E+0000 4.99377298355103E+0000 5.46102714538574E+0000 5.93001222610474E+0000 6.39377975463867E+0000 6.84507942199707E+0000 7.27651929855347E+0000 7.68076086044312E+0000 8.05074024200439E+0000 8.38013744354248E+0000 8.66307830810547E+0000 8.89654159545898E+0000 9.07744598388672E+0000 9.20376110076904E+0000 9.27474403381348E+0000 9.29085159301758E+0000 9.30828857421875E+0000
1.00000001490116E-0001 1.00750751793384E-0001 1.06371298432350E-0001 1.78703099489212E-0001 1.43759533762932E-0001 2.09833025932312E-0001 2.86338806152344E-0001 3.74069482088089E-0001 4.73765164613724E-0001 5.86498081684113E-0001 7.13826775550842E-0001 8.57865154743195E-0001 1.02128362655640E+0000 1.20723783969879E+0000 1.41921782493591E+0000 1.68545937538147E+0000 1.96493065357208E+0000 2.27942776679993E+0000 2.63019561767578E+0000 3.01693081855774E+0000 3.43758630752563E+0000 4.01773309707642E+0000 4.49858665466309E+0000 4.99859857559204E+0000 5.51029396057129E+0000 6.02567338943481E+0000 6.53641748428345E+0000 7.03403854370117E+0000 7.51003742218018E+0000 7.95610713958740E+0000 8.36613845825195E+0000 8.73079967498779E+0000 9.03443717956543E+0000 9.28880691528320E+0000 9.48299217224121E+0000 9.61543083190918E+0000 9.68592929840088E+0000 9.69573116302490E+0000 9.64727401733398E+0000
1.00000001490116E-0001 1.00000001490116E-0001 1.00000001490116E-0001 1.00000001490116E-0001 1.00000001490116E-0001 1.27519905567169E-0001 1.94594800472260E-0001 2.72777408361435E-0001 3.62636804580688E-0001 4.65248763561249E-0001 5.82272469997406E-0001 7.16005682945251E-0001 8.69407117366791E-0001 1.04607331752777E+0000 1.25014674663544E+0000 1.50824892520905E+0000 1.78561770915985E+0000 2.10294818878174E+0000 2.46282410621643E+0000 2.86600637435913E+0000 3.31098985671997E+0000 3.92956995964050E+0000 4.44973182678223E+0000 4.99432706832886E+0000 5.55430507659912E+0000 6.12011957168579E+0000 6.68204450607300E+0000 7.23034429550171E+0000 7.75538349151611E+0000 8.25044822692871E+0000 8.70107364654541E+0000 9.10295009613037E+0000 9.43017482757568E+0000 9.70730400085449E+0000 9.91604709625244E+0000 1.00549068450927E+0001 1.01243648529052E+0001 1.01267223358154E+0001 1.00657091140747E+0001
1.00000001490116E-0001 1.00000001490116E-0001 1.00000001490116E-0001 1.00000001490116E-0001 1.00000001490116E-0001 1.00000001490116E-0001 1.08881205320358E-0001 1.78375571966171E-0001 2.58525937795639E-0001 3.50514024496078E-0001 4.56121981143951E-0001 5.77829718589783E-0001 7.18886971473694E-0001 8.83364379405975E-0001 1.07615697383881E+0000 1.30287766456604E+0000 1.59370708465576E+0000 1.91085934638977E+0000 2.27798748016357E+0000 2.69730496406555E+0000 3.30057358741760E+0000 3.82363629341125E+0000 4.38681316375732E+0000 4.98018360137939E+0000 5.59278726577759E+0000 6.21338844299316E+0000 6.83085060119629E+0000 7.43423175811768E+0000 8.01620006561279E+0000 8.55879211425781E+0000 9.05596351623535E+0000 9.49814414978027E+0000 9.85342407226563E+0000 1.01550331115722E+0001 1.03790349960327E+0001 1.05238676071167E+0001 1.05908174514770E+0001 1.05836124420166E+0001 1.05077123641967E+0001
1.00000001490116E-0001 1.00000001490116E-0001 1.00000001490116E-0001 1.00000001490116E-0001 1.00000001490116E-0001 1.00000001490116E-0001 1.00000001490116E-0001 1.00000001490116E-0001 1.63749009370804E-0001 2.44795635342598E-0001 3.38078051805496E-0001 4.46214437484741E-0001 5.72681248188019E-0001 7.21960723400116E-0001 8.99692654609680E-0001 1.11274850368500E+0000 1.38980841636658E+0000 1.70244991779327E+0000 2.07382416725159E+0000 2.50833797454834E+0000 3.13628149032593E+0000 3.69812822341919E+0000 4.30886602401733E+0000 4.95588016510010E+0000 5.62581539154053E+0000 6.30561590194702E+0000 6.98283576965332E+0000 7.64945173263550E+0000 8.28523159027100E+0000 8.88306713104248E+0000 9.43113517761230E+0000 9.91777229309082E+0000 1.03320446014404E+0001 1.06344127655029E+0001 1.08740644454956E+0001 1.10235824584960E+0001 1.10853900909423E+0001 1.10652198791503E+0001 1.09709100723266E+0001
1.00000001490116E-0001 1.00000001490116E-0001 1.00000001490116E-0001 1.00000001490116E-0001 1.00000001490116E-0001 1.00000001490116E-0001 1.00000001490116E-0001 1.00000001490116E-0001 1.00000001490116E-0001 1.51139318943024E-0001 2.31473594903946E-0001 3.24817895889282E-0001 4.34730827808380E-0001 5.65910637378693E-0001 7.24549829959869E-0001 9.18723821640015E-0001 1.15858614444733E+0000 1.47750997543335E+0000 1.84844231605530E+0000 2.29641866683960E+0000 2.94667100906372E+0000 3.55191707611084E+0000 4.21597003936768E+0000 4.92219638824463E+0000 5.65425109863281E+0000 6.39727687835693E+0000 7.14204120635986E+0000 7.86702489852905E+0000 8.56470584869385E+0000 9.22228908538818E+0000 9.82623386383057E+0000 1.03624324798584E+0001 1.08170795440673E+0001 1.11474151611328E+0001 1.14028682708740E+0001 1.15547456741333E+0001 1.16072177886962E+0001 1.15690126419067E+0001 1.14513149261474E+0001
1.00000001490116E-0001 1.00000001490116E-0001 1.00000001490116E-0001 1.00000001490116E-0001 1.00000001490116E-0001 1.00000001490116E-0001 1.00000001490116E-0001 1.00000001490116E-0001 1.00000001490116E-0001 1.00000001490116E-0001 1.49408146739006E-0001 2.18046560883522E-0001 3.10073971748352E-0001 4.20803397893906E-0001 5.56516170501709E-0001 7.26050913333893E-0001 9.41740512847900E-0001 1.23710381984711E+0000 1.60021770000458E+0000 2.05877256393433E+0000 2.72999405860901E+0000 3.38547658920288E+0000 4.11033725738525E+0000 4.88188219070435E+0000 5.68504142761230E+0000 6.49358797073364E+0000 7.29920387268066E+0000 8.08954238891602E+0000 8.85223770141602E+0000 9.57386970520020E+0000 1.02392511367797E+0001 1.08313369750976E+0001 1.13322343826293E+0001 1.16955804824829E+0001 1.19667882919311E+0001 1.21172418594360E+0001 1.21539936065673E+0001 1.20904884338378E+0001 1.19427299499511E+0001
1.00000001490116E-0001 1.00000001490116E-0001 1.00000001490116E-0001 1.00000001490116E-0001 1.00000001490116E-0001 1.00000001490116E-0001 1.00000001490116E-0001 1.00000001490116E-0001 1.00000001490116E-0001 1.00000001490116E-0001 1.00000001490116E-0001 1.38781487941742E-0001 2.09842815995216E-0001 2.93997704982758E-0001 4.04084235429764E-0001 5.43597280979156E-0001 7.26056873798370E-0001 9.72441196441650E-0001 1.32840394973755E+0000 1.79267311096191E+0000 2.48614335060120E+0000 3.20286560058594E+0000 3.99823188781738E+0000 4.84524822235107E+0000 5.71209049224854E+0000 6.58727312088013E+0000 7.45832538604736E+0000 8.31416225433350E+0000 9.14332866668701E+0000 9.93252372741699E+0000 1.06653003692627E+0001 1.13212499618530E+0001 1.18766374588012E+0001 1.22798881530761E+0001 1.25667276382446E+0001 1.27097177505493E+0001 1.27210865020752E+0001 1.26221332550048E+0001 1.24358615875244E+0001
1.00000001490116E-0001 1.00000001490116E-0001 1.00000001490116E-0001 1.00000001490116E-0001 1.00000001490116E-0001 1.00000001490116E-0001 1.00000001490116E-0001 1.00000001490116E-0001 1.00000001490116E-0001 1.00000001490116E-0001 1.00000001490116E-0001 1.00000001490116E-0001 1.29856914281845E-0001 1.96173086762428E-0001 2.78587937355042E-0001 3.85534286499023E-0001 5.26380538940430E-0001 7.24644958972931E-0001 1.03487312793732E+0000 1.49564564228058E+0000 2.21965026855469E+0000 3.01617646217346E+0000 3.89666986465454E+0000 4.81336498260498E+0000 5.74750471115112E+0000 6.68562221527100E+0000 7.61806249618530E+0000 8.53617763519287E+0000 9.43046951293945E+0000 1.02888669967651E+0001 1.10947122573852E+0001 1.18245029449462E+0001 1.24466514587402E+0001 1.29004440307617E+0001 1.32030258178710E+0001 1.33285837173461E+0001 1.32997503280639E+0001 1.31516304016113E+0001 1.29170579910278E+0001
1.00000001490116E-0001 1.00000001490116E-0001 1.00000001490116E-0001 1.00000001490116E-0001 1.00000001490116E-0001 1.00000001490116E-0001 1.00000001490116E-0001 1.00000001490116E-0001 1.00000001490116E-0001 1.00000001490116E-0001 1.00000001490116E-0001 1.00000001490116E-0001 1.00000001490116E-0001 1.30955487489700E-0001 1.93021550774574E-0001 2.69496023654938E-0001 3.66909116506577E-0001 5.04531383514404E-0001 7.25122153759003E-0001 1.16602647304535E+0000 1.95055663585663E+0000 2.85767579078674E+0000 3.82167434692383E+0000 4.80724620819092E+0000 5.79962921142578E+0000 6.79105663299561E+0000 7.77587318420410E+0000 8.74855613708496E+0000 9.70238685607910E+0000 1.06278734207153E+0001 1.15102329254150E+0001 1.23251304626464E+0001 1.30326738357543E+0001 1.35754280090332E+0001 1.38751554489135E+0001 1.39654350280761E+0001 1.38733167648315E+0001 1.36588897705078E+0001 1.33667869567871E+0001
1.00000001490116E-0001 1.00000001490116E-0001 1.00000001490116E-0001 1.00000001490116E-0001 1.00000001490116E-0001 1.00000001490116E-0001 1.00000001490116E-0001 1.00000001490116E-0001 1.00000001490116E-0001 1.00000001490116E-0001 1.00000001490116E-0001 1.00000001490116E-0001 1.00000001490116E-0001 1.08503364026546E-0001 1.60650968551636E-0001 2.21840679645538E-0001 2.92821675539017E-0001 3.75820159912109E-0001 4.82518553733826E-0001 8.25387716293335E-0001 1.76116037368774E+0000 2.78131127357483E+0000 3.81172919273376E+0000 4.84440040588379E+0000 5.87616777420044E+0000 6.90467929840088E+0000 7.92756319046021E+0000 8.94198703765869E+0000 9.94410896301270E+0000 1.09280557632446E+0001 1.18837270736694E+0001 1.27916221618652E+0001 1.36103553771972E+0001 1.42533016204834E+0001 1.45806417465210E+0001 1.45991554260253E+0001 1.44090805053710E+0001 1.41028575897216E+0001 1.37490739822387E+0001
1.00000001490116E-0001 1.00000001490116E-0001 1.00000001490116E-0001 1.00000001490116E-0001 1.00000001490116E-0001 1.00000001490116E-0001 1.00000001490116E-0001 1.00000001490116E-0001 1.00000001490116E-0001 1.00000001490116E-0001 1.00000001490116E-0001 1.00000001490116E-0001 1.00000001490116E-0001 1.08307592570781E-0001 1.68359160423279E-0001 2.39932551980019E-0001 3.24074953794479E-0001 4.24802213907242E-0001 5.62705278396606E-0001 9.36061501502991E-0001 1.84003746509552E+0000 2.85396647453308E+0000 3.88847208023071E+0000 4.92998027801514E+0000 5.97407531738281E+0000 7.02477359771729E+0000 8.06723117828369E+0000 9.10587596893311E+0000 1.01387586593627E+0001 1.11633291244506E+0001 1.21754980087280E+0001 1.31669349670410E+0001 1.41149377822876E+0001 1.49328737258911E+0001 1.53084220886230E+0001 1.51680707931518E+0001 1.48384819030761E+0001 1.44583740234375E+0001 1.40539236068725E+0001
1.00000001490116E-0001 1.00000001490116E-0001 1.00000001490116E-0001 1.00000001490116E-0001 1.00000001490116E-0001 1.00000001490116E-0001 1.00000001490116E-0001 1.00000001490116E-0001 1.00000001490116E-0001 1.00000001490116E-0001 1.00000001490116E-0001 1.00000001490116E-0001 1.18239089846611E-0001 1.81421980261803E-0001 2.60468214750290E-0001 3.58590424060822E-0001 4.83048707246780E-0001 6.51929020881653E-0001 9.14250731468201E-0001 1.39177656173706E+0000 2.12516760826111E+0000 3.07146549224854E+0000 4.05542421340942E+0000 5.07050180435181E+0000 6.10092020034790E+0000 7.13918685913086E+0000 8.18107032775879E+0000 9.22381114959717E+0000 1.02654066085815E+0001 1.13042898178100E+0001 1.23391752243042E+0001 1.33689794540405E+0001 1.43927583694458E+0001 1.54095344543457E+0001 1.58976449966430E+0001 1.54925823211669E+0001 1.50809268951416E+0001 1.46634998321533E+0001 1.42407608032226E+0001
1.00000001490116E-0001 1.00000001490116E-0001 1.00000001490116E-0001 1.00000001490116E-0001 1.00000001490116E-0001 1.00000001490116E-0001 1.15688711404800E-0001 1.00000001490116E-0001 1.29989728331566E-0001 1.93290367722511E-0001 1.00000001490116E-0001 1.36587262153625E-0001 2.05061241984367E-0001 2.91321724653244E-0001 3.99328470230103E-0001 5.35685002803802E-0001 7.12483704090118E-0001 9.52497303485870E-0001 1.29553902149200E+0000 1.81183636188507E+0000 2.48904109001160E+0000 3.30421042442322E+0000 4.27379417419434E+0000 5.24233388900757E+0000 6.23957109451294E+0000 7.25321865081787E+0000 8.27577018737793E+0000 9.30211925506592E+0000 1.03282737731933E+0001 1.13504524230957E+0001 1.23639545440673E+0001 1.33605108261108E+0001 1.43186445236206E+0001 1.51540412902832E+0001 1.55599069595336E+0001 1.54154691696167E+0001 1.51008224487304E+0001 1.47352733612060E+0001 1.43472127914428E+0001
1.00000001490116E-0001 1.00000001490116E-0001 1.00000001490116E-0001 1.00000001490116E-0001 1.00000001490116E-0001 1.41577780246735E-0001 1.00000001490116E-0001 1.30137249827385E-0001 1.98991462588310E-0001 2.75351077318192E-0001 3.59890311956406E-0001 2.21900448203087E-0001 3.14673930406570E-0001 4.28755521774292E-0001 5.69995999336243E-0001 7.46931433677673E-0001 9.72753405570984E-0001 1.26737678050995E+0000 1.65714776515961E+0000 2.19170236587524E+0000 2.83841609954834E+0000 3.59830427169800E+0000 4.44235801696777E+0000 5.42360544204712E+0000 6.37670040130615E+0000 7.35230445861816E+0000 8.34025382995605E+0000 9.33268928527832E+0000 1.03224925994873E+0001 1.13016748428344E+0001 1.22588434219360E+0001 1.31738061904907E+0001 1.40045680999755E+0001 1.46863813400268E+0001 1.50386819839477E+0001 1.50688476562500E+0001 1.48858079910278E+0001 1.46083707809448E+0001 1.42781600952148E+0001
1.00000001490116E-0001 1.00000001490116E-0001 1.00000001490116E-0001 1.00000001490116E-0001 1.46194085478783E-0001 1.00000001490116E-0001 1.22589252889156E-0001 1.94605410099030E-0001 2.75419563055038E-0001 3.65332692861557E-0001 4.65055853128433E-0001 5.75671255588531E-0001 4.41183179616928E-0001 5.84145367145538E-0001 7.58267402648926E-0001 9.72396969795227E-0001 1.23845207691193E+0000 1.57168650627136E+0000 1.98895454406738E+0000 2.53129363059998E+0000 3.15646815299988E+0000 3.87531065940857E+0000 4.67022323608398E+0000 5.52199983596802E+0000 6.50082445144653E+0000 7.43020200729370E+0000 8.37292766571045E+0000 9.31881618499756E+0000 1.02577142715454E+0001 1.11776571273803E+0001 1.20620784759521E+0001 1.28852281570434E+0001 1.36056003570556E+0001 1.41948146820068E+0001 1.45306310653686E+0001 1.46402873992919E+0001 1.45713768005371E+0001 1.43737306594848E+0001 1.41129255294799E+0001
1.00000001490116E-0001 1.00000001490116E-0001 1.00000001490116E-0001 1.30698487162590E-0001 1.00000001490116E-0001 1.08312435448169E-0001 1.81352406740189E-0001 2.64371991157532E-0001 3.57483685016632E-0001 4.61130857467651E-0001 5.76130986213684E-0001 7.03711986541748E-0001 8.45600664615631E-0001 7.49069154262543E-0001 9.52933371067047E-0001 1.19854032993317E+0000 1.49568486213684E+0000 1.85542881488800E+0000 2.28858637809753E+0000 2.83159589767456E+0000 3.43849205970764E+0000 4.12395143508911E+0000 4.87620258331299E+0000 5.68108129501343E+0000 6.52452611923218E+0000 7.48349428176880E+0000 8.37492847442627E+0000 9.26696968078613E+0000 1.01473703384399E+0001 1.10017557144165E+0001 1.18115720748901E+0001 1.25516672134399E+0001 1.31887950897216E+0001 1.37210721969604E+0001 1.40458831787109E+0001 1.41979427337646E+0001 1.41998500823974E+0001 1.40867061614990E+0001 1.38803615570068E+0001
