input_files/Крайнее_Ю1/Ascii grid grd/Проницаемость.grd
DSAA
353 440
 4.49492172566414E+0005  4.84692172566414E+0005
 7.02941937412262E+0006  7.07331937412262E+0006
 1.00000001490116E-0001  1.00000000000000E+0002
[rows 289 to 305 of 440, columns 117 to 155 of 353]
1.00226891040802E+0000 1.05722236633301E+0000 1.12790226936340E+0000 1.20839500427246E+0000 1.26393795013428E+0000 1.35334312915802E+0000 1.44662106037140E+0000 1.54254984855652E+0000 1.64013087749481E+0000 1.73854827880859E+0000 1.83711338043213E+0000 1.93516409397125E+0000 2.03191208839417E+0000 2.12626600265503E+0000 2.26835799217224E+0000 2.33591723442078E+0000 2.40066409111023E+0000 4.70271873474121E+0000 8.08229064941406E+0000 1.06756505966186E+0001 1.22143573760986E+0001 1.41688737869262E+0001 1.62565937042236E+0001 1.84034023284912E+0001 2.06188144683838E+0001 2.29217910766602E+0001 2.52151069641113E+0001 2.75130348205566E+0001 2.96053295135498E+0001 3.16348896026611E+0001 3.36286239624023E+0001 3.56615371704102E+0001 3.76948623657227E+0001 3.94022293090820E+0001 4.12525177001953E+0001 4.33781814575195E+0001 4.55577392578125E+0001 4.80405502319336E+0001 4.91976394653320E+0001
1.05200457572937E+0000 1.10583806037903E+0000 1.17829000949860E+0000 1.26247763633728E+0000 1.35414457321167E+0000 1.45053648948669E+0000 1.54977285861969E+0000 1.61292076110840E+0000 1.71462559700012E+0000 1.81716680526733E+0000 1.91995382308960E+0000 2.02242255210876E+0000 2.12383937835693E+0000 2.22298598289490E+0000 2.36549639701843E+0000 2.43465614318848E+0000 2.51374101638794E+0000 4.48826932907104E+0000 7.79473781585693E+0000 1.01825819015502E+0001 1.17329854965210E+0001 1.36113967895507E+0001 1.56942424774169E+0001 1.78386516571045E+0001 2.00606269836426E+0001 2.22856483459473E+0001 2.46494007110596E+0001 2.70994815826416E+0001 2.94515361785889E+0001 3.16080112457275E+0001 3.38115234375000E+0001 3.60779647827148E+0001 3.84203643798828E+0001 4.05015716552734E+0001 4.25145187377930E+0001 4.41316947937012E+0001 4.59533729553223E+0001 4.79010276794434E+0001 4.78919219970703E+0001
1.11204993724823E+0000 1.16754174232483E+0000 1.24182188510895E+0000 1.32858800888062E+0000 1.42338323593140E+0000 1.52310967445374E+0000 1.62561666965485E+0000 1.72942090034485E+0000 1.83352410793304E+0000 1.93728256225586E+0000 2.00523161888123E+0000 2.11098217964172E+0000 2.21626925468445E+0000 2.32013607025146E+0000 2.42022275924683E+0000 2.53376054763794E+0000 2.60584211349487E+0000 3.91336226463318E+0000 6.94038772583008E+0000 9.31530666351318E+0000 1.11646575927734E+0001 1.30134658813476E+0001 1.50866641998291E+0001 1.72227554321289E+0001 1.94466667175293E+0001 2.16518630981445E+0001 2.42297706604004E+0001 2.70857620239258E+0001 2.97701892852783E+0001 3.22112541198730E+0001 3.43562736511230E+0001 3.65987281799316E+0001 3.90287017822266E+0001 4.14141807556152E+0001 4.30718917846680E+0001 4.45727157592773E+0001 4.55377769470215E+0001 4.52702522277832E+0001 4.33454513549805E+0001
1.17630219459534E+0000 1.23655855655670E+0000 1.31407415866852E+0000 1.40362370014191E+0000 1.50105893611908E+0000 1.60326206684113E+0000 1.70797979831696E+0000 1.81365478038788E+0000 1.91927921772003E+0000 2.02426767349243E+0000 2.12833976745605E+0000 2.23140954971313E+0000 2.33346772193909E+0000 2.41428709030151E+0000 2.52063155174255E+0000 2.63268685340881E+0000 2.69609642028809E+0000 3.34211254119873E+0000 6.03429746627808E+0000 8.41865539550781E+0000 1.04057607650756E+0001 1.23898344039917E+0001 1.44409179687500E+0001 1.65648384094238E+0001 1.87767181396484E+0001 2.09894580841064E+0001 2.39647617340088E+0001 2.71272602081299E+0001 3.02727966308594E+0001 3.30535202026367E+0001 3.53971900939941E+0001 3.74312782287598E+0001 3.95032615661621E+0001 4.21863250732422E+0001 4.31773796081543E+0001 4.43799171447754E+0001 4.49400634765625E+0001 4.41332359313965E+0001 4.08463058471680E+0001
1.26319015026093E+0000 1.30957138538361E+0000 1.39191079139709E+0000 1.48501372337341E+0000 1.58519887924194E+0000 1.68950438499451E+0000 1.79570531845093E+0000 1.90225684642792E+0000 2.00819873809814E+0000 2.11303830146790E+0000 2.21662235260010E+0000 2.31901431083679E+0000 2.42038488388062E+0000 2.52092266082764E+0000 2.62073850631714E+0000 2.71904850006104E+0000 2.76436972618103E+0000 3.03261852264404E+0000 5.26649570465088E+0000 7.53835010528564E+0000 9.46179485321045E+0000 1.17317075729370E+0001 1.37639141082763E+0001 1.58647680282592E+0001 1.80268115997314E+0001 2.04618587493896E+0001 2.36057834625244E+0001 2.71791248321533E+0001 3.10449962615967E+0001 3.42912902832031E+0001 3.68553733825684E+0001 3.88786125183105E+0001 3.98472442626953E+0001 4.23237686157227E+0001 4.32648353576660E+0001 4.44551239013672E+0001 4.50345344543457E+0001 4.43313102722168E+0001 4.18331298828125E+0001
1.33090972900391E+0000 1.38476455211639E+0000 1.47327351570129E+0000 1.57083725929260E+0000 1.67417693138123E+0000 1.78051340579987E+0000 1.88770556449890E+0000 1.99428582191467E+0000 2.09940767288208E+0000 2.20272493362427E+0000 2.30423283576965E+0000 2.40409159660339E+0000 2.50244402885437E+0000 2.59915018081665E+0000 2.69308447837830E+0000 2.79014468193054E+0000 2.82732653617859E+0000 2.86323285102844E+0000 4.39554500579834E+0000 6.61095809936523E+0000 8.53776454925537E+0000 1.07582778930664E+0001 1.31412963867187E+0001 1.52293958663940E+0001 1.72623081207275E+0001 1.97956008911133E+0001 2.30608749389648E+0001 2.71763763427734E+0001 3.18926162719727E+0001 3.62272109985352E+0001 3.95977478027344E+0001 4.06001167297363E+0001 4.03716735839844E+0001 4.27127037048340E+0001 4.41849021911621E+0001 4.57365531921387E+0001 4.67939529418945E+0001 4.67318229675293E+0001 4.54054107666016E+0001
1.39824247360229E+0000 1.48306930065155E+0000 1.55679202079773E+0000 1.65970301628113E+0000 1.76673841476440E+0000 1.87521362304688E+0000 1.98305225372314E+0000 2.08890151977539E+0000 2.19210743904114E+0000 2.29256534576416E+0000 2.39049386978149E+0000 2.48618674278259E+0000 2.57974958419800E+0000 2.67076158523560E+0000 2.78711080551147E+0000 2.85185861587524E+0000 2.91165089607239E+0000 2.92363929748535E+0000 3.70685005187988E+0000 5.64913177490234E+0000 7.60210418701172E+0000 9.78709506988525E+0000 1.19799985885620E+0001 1.43015327453613E+0001 1.64654350280762E+0001 1.91277275085449E+0001 2.24116840362549E+0001 2.67224063873291E+0001 3.27656173706055E+0001 3.91242561340332E+0001 4.30267448425293E+0001 4.23502311706543E+0001 4.04902191162109E+0001 4.35607376098633E+0001 4.60604248046875E+0001 4.81665878295898E+0001 4.99560317993164E+0001 5.07377548217773E+0001 5.05459823608398E+0001
1.46474325656891E+0000 1.55951607227325E+0000 1.64142560958862E+0000 1.75055336952209E+0000 1.86192810535431E+0000 1.97277808189392E+0000 2.08099961280823E+0000 2.18537282943726E+0000 2.28554964065552E+0000 2.38182592391968E+0000 2.47480368614197E+0000 2.56505036354065E+0000 2.65280818939209E+0000 2.78387689590454E+0000 2.84845519065857E+0000 2.91033458709717E+0000 2.96885251998901E+0000 2.97885203361511E+0000 3.15037560462952E+0000 4.70062494277954E+0000 6.58217954635620E+0000 8.61011791229248E+0000 1.07273664474487E+0001 1.28183593750000E+0001 1.54528217315673E+0001 1.84357547760010E+0001 2.17790908813477E+0001 2.60968036651611E+0001 3.24816284179688E+0001 4.39505157470703E+0001 5.10916061401367E+0001 4.31476707458496E+0001 3.99279937744141E+0001 4.35237274169922E+0001 4.73766059875488E+0001 5.10342941284180E+0001 5.35350418090820E+0001 5.52604866027832E+0001 5.59643592834473E+0001
1.52972400188446E+0000 1.63478755950928E+0000 1.74660944938660E+0000 1.84245288372040E+0000 1.95897674560547E+0000 2.07258391380310E+0000 2.18096113204956E+0000 2.28302955627441E+0000 2.37893366813660E+0000 2.46963572502136E+0000 2.55636358261108E+0000 2.64015173912048E+0000 2.78103828430176E+0000 2.84398078918457E+0000 2.90546011924744E+0000 2.96503400802612E+0000 3.02229261398315E+0000 3.03083825111389E+0000 3.07494759559631E+0000 3.76358032226563E+0000 5.38202810287476E+0000 7.35336399078369E+0000 9.41351795196533E+0000 1.15202274322509E+0001 1.41608619689941E+0001 1.72587184906006E+0001 2.23048858642578E+0001 2.54827327728271E+0001 3.23040924072266E+0001 4.48894081115723E+0001 5.12525787353516E+0001 4.21211967468262E+0001 3.91126976013184E+0001 4.31702308654785E+0001 4.73616218566895E+0001 5.15158843994141E+0001 5.53583335876465E+0001 5.88080253601074E+0001 6.07961616516113E+0001
1.59207665920258E+0000 1.70766043663025E+0000 1.82900452613831E+0000 1.93435692787170E+0000 2.05716061592102E+0000 2.17415308952332E+0000 2.28246355056763E+0000 2.38116216659546E+0000 2.47123646736145E+0000 2.55475926399231E+0000 2.63391518592834E+0000 2.77870869636536E+0000 2.83906722068787E+0000 2.89871382713318E+0000 2.95756888389587E+0000 3.01530814170837E+0000 3.07155728340149E+0000 3.12603020668030E+0000 3.12709498405457E+0000 3.17079138755798E+0000 4.30394840240479E+0000 6.02719497680664E+0000 8.04151058197021E+0000 1.00724191665649E+0001 1.26755542755127E+0001 1.77193851470947E+0001 3.29789390563965E+0001 2.47706489562988E+0001 3.13064785003662E+0001 4.36829376220703E+0001 5.06222000122070E+0001 4.10915374755859E+0001 3.82636260986328E+0001 4.25090713500977E+0001 4.69771118164063E+0001 5.16057052612305E+0001 5.61268348693848E+0001 6.01256256103516E+0001 6.29730834960938E+0001
1.65015268325806E+0000 1.77635455131531E+0000 1.90806090831757E+0000 2.04133272171021E+0000 2.15560317039490E+0000 2.27708625793457E+0000 2.38508558273315E+0000 2.47884202003479E+0000 2.56093096733093E+0000 2.63531208038330E+0000 2.77703142166138E+0000 2.83383607864380E+0000 2.89043831825256E+0000 2.94719266891479E+0000 3.00398921966553E+0000 3.06046128273010E+0000 3.11615300178528E+0000 3.17063593864441E+0000 3.17625904083252E+0000 3.22324895858765E+0000 3.47068595886230E+0000 4.83792734146118E+0000 6.53913784027100E+0000 8.55804729461670E+0000 1.09569129943847E+0001 1.53227901458740E+0001 2.68536205291748E+0001 2.33634834289551E+0001 3.15607624053955E+0001 4.21120414733887E+0001 4.92596778869629E+0001 3.95555267333984E+0001 3.68516387939453E+0001 4.13408164978027E+0001 4.61812095642090E+0001 5.12253494262695E+0001 5.63955154418945E+0001 6.13224563598633E+0001 6.50264053344727E+0001
1.70170331001282E+0000 1.83830547332764E+0000 1.98109579086304E+0000 2.12582278251648E+0000 2.25289082527161E+0000 2.38097500801086E+0000 2.48836445808411E+0000 2.57453775405884E+0000 2.64547371864319E+0000 2.77629041671753E+0000 2.82832598686218E+0000 2.88049554824829E+0000 2.93376588821411E+0000 2.98830914497375E+0000 3.04383301734924E+0000 3.09980368614197E+0000 3.15560293197632E+0000 3.21063661575317E+0000 3.26439809799194E+0000 3.27292490005493E+0000 3.31985998153687E+0000 3.88708305358887E+0000 5.22654676437378E+0000 7.04807806015015E+0000 9.35886096954346E+0000 1.49650983810424E+0001 2.53164558410645E+0001 2.00891189575195E+0001 2.78203792572021E+0001 4.04807014465332E+0001 4.74220619201660E+0001 3.78893203735352E+0001 3.50556144714355E+0001 3.95476188659668E+0001 4.44779968261719E+0001 4.98290596008301E+0001 5.56298713684082E+0001 6.16496658325195E+0001 6.70706024169922E+0001
1.90189087390900E+0000 1.89001595973969E+0000 2.04393553733826E+0000 2.20189356803894E+0000 2.35646200180054E+0000 2.48520159721375E+0000 2.59155368804932E+0000 2.66508603096008E+0000 2.77697443962097E+0000 2.82251811027527E+0000 2.86840081214905E+0000 2.91654253005981E+0000 2.96743869781494E+0000 3.02086496353149E+0000 3.07622027397156E+0000 3.13271999359131E+0000 3.18952584266663E+0000 3.24584865570068E+0000 3.30103421211243E+0000 3.31973075866699E+0000 3.37052631378174E+0000 3.31880879402161E+0000 4.18267345428467E+0000 5.69297361373901E+0000 8.66423225402832E+0000 1.52975044250488E+0001 2.19480552673340E+0001 1.75049896240234E+0001 2.39247550964355E+0001 3.15746879577637E+0001 3.54548454284668E+0001 3.38025131225586E+0001 3.28813209533691E+0001 3.71984825134277E+0001 4.19488449096680E+0001 4.70838584899902E+0001 5.26293830871582E+0001 5.88397674560547E+0001 6.51146621704102E+0001
1.90837872028351E+0000 2.04347515106201E+0000 2.18749308586121E+0000 2.26165986061096E+0000 2.43512964248657E+0000 2.58796501159668E+0000 2.69243860244751E+0000 2.77975845336914E+0000 2.81586050987244E+0000 2.85281586647034E+0000 2.89386320114136E+0000 2.93963336944580E+0000 2.98983144760132E+0000 3.04373455047607E+0000 3.10039305686951E+0000 3.15874719619751E+0000 3.21771407127380E+0000 3.27627563476563E+0000 3.33358693122864E+0000 3.38915562629700E+0000 3.41871833801270E+0000 3.39913749694824E+0000 3.54222297668457E+0000 4.58199739456177E+0000 7.81699895858765E+0000 1.32940387725830E+0001 1.39299221038818E+0001 1.47859935760498E+0001 1.93030891418457E+0001 2.41183910369873E+0001 2.76824016571045E+0001 2.88819255828857E+0001 3.03705120086670E+0001 3.43195762634277E+0001 3.85665779113770E+0001 4.33403320312500E+0001 4.89199523925781E+0001 5.54824295043945E+0001 6.28502769470215E+0001
1.89950013160706E+0000 2.03879189491272E+0000 2.18825840950012E+0000 2.34761118888855E+0000 2.51623725891113E+0000 2.67660474777222E+0000 2.78426694869995E+0000 2.80373835563660E+0000 2.82898306846619E+0000 2.86163496971130E+0000 2.90142798423767E+0000 2.94771623611450E+0000 2.99961614608765E+0000 3.05605649948120E+0000 3.11582899093628E+0000 3.17764377593994E+0000 3.24019074440002E+0000 3.30220556259155E+0000 3.36256074905396E+0000 3.42050886154175E+0000 3.46448707580566E+0000 3.47958755493164E+0000 3.51939868927002E+0000 3.70634841918945E+0000 4.97596645355225E+0000 6.97402667999268E+0000 8.72026157379150E+0000 1.16802902221679E+0001 1.52925348281860E+0001 1.91324234008789E+0001 2.25320034027100E+0001 2.50387516021729E+0001 2.77301254272461E+0001 3.11985645294189E+0001 3.49057312011719E+0001 3.94026145935059E+0001 4.53024330139160E+0001 5.26803398132324E+0001 6.08367729187012E+0001
1.87396407127380E+0000 2.01343441009521E+0000 2.16247868537903E+0000 2.32021927833557E+0000 2.48414158821106E+0000 2.65922641754150E+0000 2.74950027465820E+0000 2.79543137550354E+0000 2.83742928504944E+0000 2.88329720497131E+0000 2.93400287628174E+0000 2.98923015594482E+0000 3.04819655418396E+0000 3.10985732078552E+0000 3.17298889160156E+0000 3.23624849319458E+0000 3.29822754859924E+0000 3.35750603675842E+0000 3.41270828247070E+0000 3.46256089210510E+0000 3.50963687896729E+0000 3.55019307136536E+0000 3.59518980979919E+0000 3.63989377021790E+0000 3.86092042922974E+0000 5.00300836563110E+0000 6.61438512802124E+0000 8.95708560943604E+0000 1.18548870086669E+0001 1.53425464630127E+0001 1.87439498901367E+0001 2.19214115142822E+0001 2.51447105407715E+0001 2.80678043365479E+0001 3.22270927429199E+0001 3.72455177307129E+0001 4.32320365905762E+0001 5.05677642822266E+0001 5.91452598571777E+0001
1.83200263977051E+0000 1.96799385547638E+0000 2.11148715019226E+0000 2.31395912170410E+0000 2.44694066047668E+0000 2.56956529617310E+0000 2.66656398773193E+0000 2.73021626472473E+0000 2.78874659538269E+0000 2.84622597694397E+0000 2.90633440017700E+0000 2.97003149986267E+0000 3.03709530830383E+0000 3.10669469833374E+0000 3.17764568328857E+0000 3.24855780601501E+0000 3.31795167922974E+0000 3.38438892364502E+0000 3.44671130180359E+0000 3.48417711257935E+0000 3.57137799263000E+0000 3.65631222724915E+0000 3.73715376853943E+0000 3.81233072280884E+0000 3.88020968437195E+0000 4.07440376281738E+0000 5.24589252471924E+0000 6.77928113937378E+0000 9.15328311920166E+0000 1.23490047454834E+0001 1.57320766448974E+0001 1.91708736419678E+0001 2.25619258880615E+0001 2.57579669952393E+0001 2.95488204956055E+0001 3.38388252258301E+0001 3.88116645812988E+0001 4.44959907531738E+0001 4.83715019226074E+0001
