input_files/Крайнее_Ю1/Ascii grid grd/Проницаемость.grd
DSAA
353 440
 4.49492172566414E+0005  4.84692172566414E+0005
 7.02941937412262E+0006  7.07331937412262E+0006
 1.00000001490116E-0001  1.00000000000000E+0002
[rows 187 to 203 of 440, columns 78 to 116 of 353]
1.70141000918780E+0038 1.70141000918780E+0038 1.70141000918780E+0038 1.70141000918780E+0038 1.70141000918780E+0038 1.70141000918780E+0038 1.70141000918780E+0038 1.70141000918780E+0038 1.70141000918780E+0038 1.70141000918780E+0038 1.70141000918780E+0038 1.70141000918780E+0038 1.70141000918780E+0038 1.70141000918780E+0038 1.70141000918780E+0038 2.11964321136475E+0000 2.23009276390076E+0000 2.33444428443909E+0000 2.43269944190979E+0000 2.52507209777832E+0000 2.61182045936584E+0000 2.69315361976624E+0000 2.78739190101624E+0000 2.85804772377014E+0000 2.92475628852844E+0000 2.98790788650513E+0000 3.04789566993713E+0000 3.10509872436523E+0000 3.15987896919250E+0000 3.21259212493896E+0000 3.26362681388855E+0000 3.29421043395996E+0000 3.34401130676270E+0000 3.39534211158752E+0000 3.44920897483826E+0000 3.50658059120178E+0000 3.59389019012451E+0000 3.66662645339966E+0000 3.74025750160217E+0000
1.70141000918780E+0038 1.70141000918780E+0038 1.70141000918780E+0038 1.70141000918780E+0038 1.70141000918780E+0038 1.70141000918780E+0038 1.70141000918780E+0038 1.70141000918780E+0038 1.70141000918780E+0038 1.70141000918780E+0038 1.70141000918780E+0038 1.70141000918780E+0038 1.70141000918780E+0038 1.70141000918780E+0038 1.70141000918780E+0038 2.06433510780334E+0000 2.20393943786621E+0000 2.30539631843567E+0000 2.40285372734070E+0000 2.49612426757813E+0000 2.58515834808350E+0000 2.66988730430603E+0000 2.76649522781372E+0000 2.84164571762085E+0000 2.91361403465271E+0000 2.98278355598450E+0000 3.04954981803894E+0000 3.11429023742676E+0000 3.17735862731934E+0000 3.22242832183838E+0000 3.28001594543457E+0000 3.33838129043579E+0000 3.39801120758057E+0000 3.45945549011230E+0000 3.52328681945801E+0000 3.58987450599670E+0000 3.68857526779175E+0000 3.76858115196228E+0000 3.84966778755188E+0000
1.70141000918780E+0038 1.70141000918780E+0038 1.70141000918780E+0038 1.70141000918780E+0038 1.70141000918780E+0038 1.70141000918780E+0038 1.70141000918780E+0038 1.70141000918780E+0038 1.70141000918780E+0038 1.70141000918780E+0038 1.70141000918780E+0038 1.70141000918780E+0038 1.70141000918780E+0038 1.70141000918780E+0038 1.70141000918780E+0038 2.06502985954285E+0000 2.16138052940369E+0000 2.25892901420593E+0000 2.38898921012878E+0000 2.48141598701477E+0000 2.57127571105957E+0000 2.65825843811035E+0000 2.75532722473145E+0000 2.83392810821533E+0000 2.91019058227539E+0000 2.98450589179993E+0000 3.05729079246521E+0000 3.11970758438110E+0000 3.18482708930969E+0000 3.25023436546326E+0000 3.31642770767212E+0000 3.38385939598083E+0000 3.45295071601868E+0000 3.52408552169800E+0000 3.59755182266235E+0000 3.67342019081116E+0000 3.75143170356750E+0000 3.87103891372681E+0000 3.96008706092834E+0000
1.70141000918780E+0038 1.70141000918780E+0038 1.70141000918780E+0038 1.70141000918780E+0038 1.70141000918780E+0038 1.70141000918780E+0038 1.70141000918780E+0038 1.70141000918780E+0038 1.70141000918780E+0038 1.70141000918780E+0038 1.70141000918780E+0038 1.70141000918780E+0038 1.70141000918780E+0038 1.70141000918780E+0038 2.00061917304993E+0000 2.08258390426636E+0000 2.17009282112122E+0000 2.26121258735657E+0000 2.35465955734253E+0000 2.44954276084900E+0000 2.56811976432800E+0000 2.65641689300537E+0000 2.74279379844666E+0000 2.83373761177063E+0000 2.91333460807800E+0000 2.99192309379578E+0000 3.06250858306885E+0000 3.13429450988770E+0000 3.20641827583313E+0000 3.27940273284912E+0000 3.35371589660645E+0000 3.42976927757263E+0000 3.50790643692017E+0000 3.58837723731995E+0000 3.67128205299377E+0000 3.75650477409363E+0000 3.84367179870605E+0000 3.97266340255737E+0000 4.07004594802856E+0000
1.70141000918780E+0038 1.70141000918780E+0038 1.70141000918780E+0038 1.70141000918780E+0038 1.70141000918780E+0038 1.70141000918780E+0038 1.70141000918780E+0038 1.70141000918780E+0038 1.70141000918780E+0038 1.70141000918780E+0038 1.70141000918780E+0038 1.70141000918780E+0038 1.70141000918780E+0038 1.70141000918780E+0038 2.04162549972534E+0000 2.11252474784851E+0000 2.19083166122437E+0000 2.27470898628235E+0000 2.36284995079041E+0000 2.45434188842773E+0000 2.54854154586792E+0000 2.64493036270142E+0000 2.75061869621277E+0000 2.83978176116943E+0000 2.91976714134216E+0000 2.99662017822266E+0000 3.07348752021790E+0000 3.15088033676147E+0000 3.22930145263672E+0000 3.30922532081604E+0000 3.39108133316040E+0000 3.47523808479309E+0000 3.56197619438171E+0000 3.65145039558411E+0000 3.74363732337952E+0000 3.83828258514404E+0000 3.93488144874573E+0000 4.07229995727539E+0000 4.17825412750244E+0000
1.70141000918780E+0038 1.70141000918780E+0038 1.70141000918780E+0038 1.70141000918780E+0038 1.70141000918780E+0038 1.70141000918780E+0038 1.70141000918780E+0038 1.70141000918780E+0038 1.70141000918780E+0038 1.70141000918780E+0038 1.70141000918780E+0038 1.70141000918780E+0038 1.70141000918780E+0038 1.70141000918780E+0038 2.09068799018860E+0000 2.15113306045532E+0000 2.22025632858276E+0000 2.29642748832703E+0000 2.37838363647461E+0000 2.46517014503479E+0000 2.55606365203857E+0000 2.65044403076172E+0000 2.78286218643188E+0000 2.84931755065918E+0000 2.92899417877197E+0000 3.00569868087769E+0000 3.08658266067505E+0000 3.16879081726074E+0000 3.25276231765747E+0000 3.33892536163330E+0000 3.42767572402954E+0000 3.51935076713562E+0000 3.61419534683228E+0000 3.71231389045715E+0000 3.81361103057861E+0000 3.91773009300232E+0000 4.02401781082153E+0000 4.13156223297119E+0000 4.28350687026978E+0000
1.70141000918780E+0038 1.70141000918780E+0038 1.70141000918780E+0038 1.70141000918780E+0038 1.70141000918780E+0038 1.70141000918780E+0038 1.70141000918780E+0038 1.70141000918780E+0038 1.70141000918780E+0038 1.70141000918780E+0038 1.70141000918780E+0038 1.70141000918780E+0038 1.70141000918780E+0038 1.70141000918780E+0038 2.14478468894958E+0000 2.19543433189392E+0000 2.25560021400452E+0000 2.32387614250183E+0000 2.39904808998108E+0000 2.48007011413574E+0000 2.66013813018799E+0000 2.73006653785706E+0000 2.80226731300354E+0000 2.88113403320313E+0000 2.94257998466492E+0000 3.02404999732971E+0000 3.10702896118164E+0000 3.18728065490723E+0000 3.27602815628052E+0000 3.36767840385437E+0000 3.46260356903076E+0000 3.56113076210022E+0000 3.66350197792053E+0000 3.76982212066650E+0000 3.87998509407043E+0000 3.99358391761780E+0000 4.10982370376587E+0000 4.22749567031860E+0000 4.38461971282959E+0000
1.70141000918780E+0038 1.70141000918780E+0038 1.70141000918780E+0038 1.70141000918780E+0038 1.70141000918780E+0038 1.70141000918780E+0038 1.70141000918780E+0038 1.70141000918780E+0038 1.70141000918780E+0038 1.70141000918780E+0038 1.70141000918780E+0038 1.70141000918780E+0038 1.70141000918780E+0038 1.70141000918780E+0038 2.20158648490906E+0000 2.24307584762573E+0000 2.29465508460999E+0000 2.35510158538818E+0000 2.54595685005188E+0000 2.61209797859192E+0000 2.68040108680725E+0000 2.75121355056763E+0000 2.82584381103516E+0000 2.90627312660217E+0000 2.95891618728638E+0000 3.04102325439453E+0000 3.12557578086853E+0000 3.21278262138367E+0000 3.30308103561401E+0000 3.39703893661499E+0000 3.49494314193726E+0000 3.59955024719238E+0000 3.70873618125916E+0000 3.82265996932983E+0000 3.94128417968750E+0000 4.06424903869629E+0000 4.19069385528564E+0000 4.31906652450562E+0000 4.48037815093994E+0000
1.70141000918780E+0038 1.70141000918780E+0038 1.70141000918780E+0038 1.70141000918780E+0038 1.70141000918780E+0038 1.70141000918780E+0038 1.70141000918780E+0038 1.70141000918780E+0038 1.70141000918780E+0038 1.70141000918780E+0038 1.70141000918780E+0038 1.70141000918780E+0038 1.70141000918780E+0038 1.70141000918780E+0038 1.70141000918780E+0038 2.29217553138733E+0000 2.45749807357788E+0000 2.51345872879028E+0000 2.57360458374023E+0000 2.63730192184448E+0000 2.70436286926270E+0000 2.77510643005371E+0000 2.85033154487610E+0000 2.93096995353699E+0000 2.97642540931702E+0000 3.05864334106445E+0000 3.14398789405823E+0000 3.23272418975830E+0000 3.32528710365295E+0000 3.42223477363586E+0000 3.52418780326843E+0000 3.63176822662354E+0000 3.74553418159485E+0000 3.86936473846436E+0000 3.99575209617615E+0000 4.12767457962036E+0000 4.26442575454712E+0000 4.40427684783936E+0000 4.54388618469238E+0000
1.70141000918780E+0038 1.70141000918780E+0038 1.70141000918780E+0038 1.70141000918780E+0038 1.70141000918780E+0038 1.70141000918780E+0038 1.70141000918780E+0038 1.70141000918780E+0038 1.70141000918780E+0038 1.70141000918780E+0038 1.70141000918780E+0038 1.70141000918780E+0038 1.70141000918780E+0038 1.70141000918780E+0038 1.70141000918780E+0038 2.44833493232727E+0000 2.49489760398865E+0000 2.54689359664917E+0000 2.60362839698792E+0000 2.66468596458435E+0000 2.72996401786804E+0000 2.79967737197876E+0000 2.87427759170532E+0000 2.95423173904419E+0000 2.99400305747986E+0000 3.07574415206909E+0000 3.16112995147705E+0000 3.25048661231995E+0000 3.34428524971008E+0000 3.44311189651489E+0000 3.54762077331543E+0000 3.65847992897034E+0000 3.77632093429565E+0000 3.90168571472168E+0000 4.03496313095093E+0000 4.18128347396851E+0000 4.32782506942749E+0000 4.47982406616211E+0000 4.63323020935059E+0000
1.70141000918780E+0038 1.70141000918780E+0038 1.70141000918780E+0038 1.70141000918780E+0038 1.70141000918780E+0038 1.70141000918780E+0038 1.70141000918780E+0038 1.70141000918780E+0038 1.70141000918780E+0038 1.70141000918780E+0038 1.70141000918780E+0038 1.70141000918780E+0038 1.70141000918780E+0038 1.70141000918780E+0038 1.70141000918780E+0038 1.70141000918780E+0038 2.53371429443359E+0000 2.58161854743958E+0000 2.63473844528198E+0000 2.69278526306152E+0000 2.75568175315857E+0000 2.82354664802551E+0000 2.89662432670593E+0000 2.97515749931335E+0000 3.01072096824646E+0000 3.09136080741882E+0000 3.17602133750916E+0000 3.26508069038391E+0000 3.35906624794006E+0000 3.45861911773682E+0000 3.56444668769836E+0000 3.67727375030518E+0000 3.79780173301697E+0000 3.92667651176453E+0000 4.06445980072021E+0000 4.21160030364990E+0000 4.36837720870972E+0000 4.53470516204834E+0000 4.70951175689697E+0000
1.70141000918780E+0038 1.70141000918780E+0038 1.70141000918780E+0038 1.70141000918780E+0038 1.70141000918780E+0038 1.70141000918780E+0038 1.70141000918780E+0038 1.70141000918780E+0038 1.70141000918780E+0038 1.70141000918780E+0038 1.70141000918780E+0038 1.70141000918780E+0038 1.70141000918780E+0038 1.70141000918780E+0038 1.70141000918780E+0038 1.70141000918780E+0038 2.57313942909241E+0000 2.61662316322327E+0000 2.66578960418701E+0000 2.72038745880127E+0000 2.78032803535461E+0000 2.84565353393555E+0000 2.91648292541504E+0000 2.99293732643127E+0000 3.02577161788940E+0000 3.10467863082886E+0000 3.18782734870911E+0000 3.27564716339111E+0000 3.36874008178711E+0000 3.46782588958740E+0000 3.57367968559265E+0000 3.68707942962646E+0000 3.80876779556274E+0000 3.93942880630493E+0000 4.07967233657837E+0000 4.23002195358276E+0000 4.39089012145996E+0000 4.56249380111694E+0000 4.74422979354858E+0000
1.70141000918780E+0038 1.70141000918780E+0038 1.70141000918780E+0038 1.70141000918780E+0038 1.70141000918780E+0038 1.70141000918780E+0038 1.70141000918780E+0038 1.70141000918780E+0038 1.70141000918780E+0038 1.70141000918780E+0038 1.70141000918780E+0038 1.70141000918780E+0038 1.70141000918780E+0038 1.70141000918780E+0038 1.70141000918780E+0038 1.70141000918780E+0038 1.70141000918780E+0038 2.65086722373962E+0000 2.69572687149048E+0000 2.74644947052002E+0000 2.80291771888733E+0000 2.86511516571045E+0000 2.93308067321777E+0000 3.00685739517212E+0000 3.03845763206482E+0000 3.11501479148865E+0000 3.19585013389587E+0000 3.28145527839661E+0000 3.37254118919373E+0000 3.46993923187256E+0000 3.57450866699219E+0000 3.68706941604614E+0000 3.80836629867554E+0000 3.93904423713684E+0000 4.07961797714233E+0000 4.23040628433228E+0000 4.39135694503784E+0000 4.61231088638306E+0000 4.77604389190674E+0000
1.70141000918780E+0038 1.70141000918780E+0038 1.70141000918780E+0038 1.70141000918780E+0038 1.70141000918780E+0038 1.70141000918780E+0038 1.70141000918780E+0038 1.70141000918780E+0038 1.70141000918780E+0038 1.70141000918780E+0038 1.70141000918780E+0038 1.70141000918780E+0038 1.70141000918780E+0038 1.70141000918780E+0038 1.70141000918780E+0038 1.70141000918780E+0038 1.70141000918780E+0038 2.68330216407776E+0000 2.72357010841370E+0000 2.77004861831665E+0000 2.82260012626648E+0000 2.88116955757141E+0000 2.94574093818665E+0000 3.01630091667175E+0000 3.09281873703003E+0000 3.12181186676025E+0000 3.19951510429382E+0000 3.28188467025757E+0000 3.36981058120728E+0000 3.46429324150085E+0000 3.56629586219788E+0000 3.67667007446289E+0000 3.79612874984741E+0000 3.92522358894348E+0000 4.06430387496948E+0000 4.29663467407227E+0000 4.44855785369873E+0000 4.60670042037964E+0000 4.76925086975098E+0000
1.70141000918780E+0038 1.70141000918780E+0038 1.70141000918780E+0038 1.70141000918780E+0038 1.70141000918780E+0038 1.70141000918780E+0038 1.70141000918780E+0038 1.70141000918780E+0038 1.70141000918780E+0038 1.70141000918780E+0038 1.70141000918780E+0038 1.70141000918780E+0038 1.70141000918780E+0038 1.70141000918780E+0038 1.70141000918780E+0038 1.70141000918780E+0038 1.70141000918780E+0038 1.70141000918780E+0038 2.74842858314514E+0000 2.79036688804626E+0000 2.83863067626953E+0000 2.89315009117126E+0000 2.95387578010559E+0000 3.02074623107910E+0000 3.09367752075195E+0000 3.12463307380676E+0000 3.19834899902344E+0000 3.27638053894043E+0000 3.35994505882263E+0000 3.45030260086060E+0000 3.54854011535645E+0000 3.65552115440369E+0000 3.77189850807190E+0000 3.99781203269958E+0000 4.13418245315552E+0000 4.27793407440186E+0000 4.42868232727051E+0000 4.58567094802856E+0000 4.74775409698486E+0000
1.70141000918780E+0038 1.70141000918780E+0038 1.70141000918780E+0038 1.70141000918780E+0038 1.70141000918780E+0038 1.70141000918780E+0038 1.70141000918780E+0038 1.70141000918780E+0038 1.70141000918780E+0038 1.70141000918780E+0038 1.70141000918780E+0038 1.70141000918780E+0038 1.70141000918780E+0038 1.70141000918780E+0038 1.70141000918780E+0038 1.70141000918780E+0038 1.70141000918780E+0038 1.70141000918780E+0038 1.70141000918780E+0038 2.80941987037659E+0000 2.85035800933838E+0000 2.90047335624695E+0000 2.95697307586670E+0000 3.01975822448730E+0000 3.08867239952087E+0000 3.12315654754639E+0000 3.19192767143250E+0000 3.26435637474060E+0000 3.34230184555054E+0000 3.42739439010620E+0000 3.52082061767578E+0000 3.72319889068604E+0000 3.84239411354065E+0000 3.96920156478882E+0000 4.10361480712891E+0000 4.24548864364624E+0000 4.39448785781860E+0000 4.55007076263428E+0000 4.71157550811768E+0000
1.70141000918780E+0038 1.70141000918780E+0038 1.70141000918780E+0038 1.70141000918780E+0038 1.70141000918780E+0038 1.70141000918780E+0038 1.70141000918780E+0038 1.70141000918780E+0038 1.70141000918780E+0038 1.70141000918780E+0038 1.70141000918780E+0038 1.70141000918780E+0038 1.70141000918780E+0038 1.70141000918780E+0038 1.70141000918780E+0038 1.70141000918780E+0038 1.70141000918780E+0038 1.70141000918780E+0038 1.70141000918780E+0038 2.81956195831299E+0000 2.85972642898560E+0000 2.90674805641174E+0000 2.95458030700684E+0000 3.01296281814575E+0000 3.07753634452820E+0000 3.11716651916504E+0000 3.17972326278687E+0000 3.24497795104980E+0000 3.31605195999146E+0000 3.47865128517151E+0000 3.57975959777832E+0000 3.68836164474487E+0000 3.80460810661316E+0000 3.92858529090881E+0000 4.06029272079468E+0000 4.19961786270142E+0000 4.34631967544556E+0000 4.50004577636719E+0000 4.66041707992554E+0000
