input_files/Крайнее_Ю1/Ascii grid grd/Проницаемость.grd
DSAA
353 440
 4.49492172566414E+0005  4.84692172566414E+0005
 7.02941937412262E+0006  7.07331937412262E+0006
 1.00000001490116E-0001  1.00000000000000E+0002
[rows 255 to 271 of 440, columns 117 to 155 of 353]
2.05094188451767E-0001 3.06714624166489E-0001 4.24310028553009E-0001 5.55748164653778E-0001 8.14753949642181E-0001 9.40365910530090E-0001 1.07525014877319E+0000 1.21936845779419E+0000 1.37213420867920E+0000 1.53171074390411E+0000 1.69504451751709E+0000 1.85746860504150E+0000 2.00116491317749E+0000 2.12641739845276E+0000 2.19653034210205E+0000 2.16825842857361E+0000 2.02355003356934E+0000 1.80263149738312E+0000 1.56064510345459E+0000 1.33711159229279E+0000 1.14820611476898E+0000 9.96466279029846E-0001 8.77673327922821E-0001 7.85140872001648E-0001 7.12232887744904E-0001 5.97607791423798E-0001 5.76257467269897E-0001 5.95202982425690E-0001 6.58878743648529E-0001 7.36373364925385E-0001 7.95445978641510E-0001 8.41470241546631E-0001 8.67699146270752E-0001 8.86629104614258E-0001 8.77986788749695E-0001 8.50217044353485E-0001 8.02244365215302E-0001 7.35801458358765E-0001 6.55548810958862E-0001
1.92412957549095E-0001 2.91058212518692E-0001 4.04858857393265E-0001 5.32086312770844E-0001 6.70403540134430E-0001 9.13851797580719E-0001 1.03218591213226E+0000 1.15885257720947E+0000 1.29299831390381E+0000 1.43065953254700E+0000 1.56034088134766E+0000 1.68247663974762E+0000 1.78620934486389E+0000 1.85690355300903E+0000 1.87444806098938E+0000 1.82010269165039E+0000 1.69240331649780E+0000 1.51712751388550E+0000 1.32898902893066E+0000 1.16040587425232E+0000 1.02480936050415E+0000 9.22872960567474E-0001 8.50144207477570E-0001 8.01669538021088E-0001 6.99237346649170E-0001 7.01180815696716E-0001 7.26917207241058E-0001 7.78050363063812E-0001 8.43725979328156E-0001 9.14490163326263E-0001 9.62134838104248E-0001 9.94313776493073E-0001 1.00801956653595E+0000 9.90726053714752E-0001 9.57598030567169E-0001 9.08674895763397E-0001 8.44092130661011E-0001 7.65390217304230E-0001 6.75871312618256E-0001
1.72708183526993E-0001 2.67578065395355E-0001 3.76704514026642E-0001 4.98714774847031E-0001 6.31815135478973E-0001 7.73310065269470E-0001 9.76228415966034E-0001 1.08262014389038E+0000 1.19745767116547E+0000 1.30749845504761E+0000 1.40984046459198E+0000 1.49704086780548E+0000 1.56016755104065E+0000 1.58771502971649E+0000 1.56732022762299E+0000 1.49114060401917E+0000 1.36403608322144E+0000 1.20990681648254E+0000 1.05975985527039E+0000 9.44237291812897E-0001 8.68508577346802E-0001 8.24667215347290E-0001 7.23145306110382E-0001 7.25643694400787E-0001 7.51811265945435E-0001 8.01171958446503E-0001 8.72755885124207E-0001 9.61206257343292E-0001 1.04587733745575E+0000 1.12059104442596E+0000 1.16168069839478E+0000 1.17467010021210E+0000 1.14860165119171E+0000 1.10579943656921E+0000 1.04976367950439E+0000 9.81276631355286E-0001 9.00605559349060E-0001 8.08819293975830E-0001 7.08309769630432E-0001
1.46753132343292E-0001 2.36806958913803E-0001 3.39987218379974E-0001 4.55041825771332E-0001 5.80501675605774E-0001 7.14687705039978E-0001 8.55629622936249E-0001 9.95594024658203E-0001 1.09128916263580E+0000 1.17921090126038E+0000 1.25437378883362E+0000 1.31066191196442E+0000 1.34038901329041E+0000 1.33478009700775E+0000 1.28572750091553E+0000 1.18934988975525E+0000 1.05133664608002E+0000 8.94483864307404E-0001 7.65357077121735E-0001 7.03708350658417E-0001 6.95638895034790E-0001 6.41242206096649E-0001 6.70619070529938E-0001 7.20628678798676E-0001 7.92433798313141E-0001 8.87122631072998E-0001 1.00399744510651E+0000 1.13669216632843E+0000 1.26486504077911E+0000 1.34794890880585E+0000 1.36960005760193E+0000 1.34700882434845E+0000 1.29221510887146E+0000 1.22569680213928E+0000 1.15004730224609E+0000 1.06510937213898E+0000 9.70419764518738E-0001 8.66318285465240E-0001 7.54432976245880E-0001
1.15813419222831E-0001 1.99997007846832E-0001 2.95860797166824E-0001 4.01902824640274E-0001 5.16220331192017E-0001 6.36110305786133E-0001 7.56010830402374E-0001 8.87059628963470E-0001 9.53209400177002E-0001 1.00733423233032E+0000 1.04768705368042E+0000 1.06987202167511E+0000 1.06854021549225E+0000 1.10838091373444E+0000 1.03939914703369E+0000 9.27785933017731E-0001 7.75516331195831E-0001 5.95708489418030E-0001 4.52225327491760E-0001 4.63022112846375E-0001 4.77110028266907E-0001 5.39511501789093E-0001 6.14590942859650E-0001 7.06010758876801E-0001 8.17227303981781E-0001 9.50765371322632E-0001 1.10763978958130E+0000 1.28564584255219E+0000 1.47181999683380E+0000 1.59431540966034E+0000 1.57798695564270E+0000 1.50629067420959E+0000 1.42664825916290E+0000 1.34305453300476E+0000 1.25417208671570E+0000 1.15799927711487E+0000 1.05305230617523E+0000 9.38901484012604E-0001 8.16496312618256E-0001
1.00000001490116E-0001 1.59145265817642E-0001 2.46675491333008E-0001 3.42267334461212E-0001 4.43251997232437E-0001 5.45555949211121E-0001 6.05765581130981E-0001 7.82553195953369E-0001 8.34369003772736E-0001 8.73599767684937E-0001 8.97983312606812E-0001 9.04035449028015E-0001 8.87579798698425E-0001 8.44412684440613E-0001 7.71038115024567E-0001 6.65484547615051E-0001 5.28069496154785E-0001 3.62357050180435E-0001 1.90750464797020E-0001 2.72835493087769E-0001 3.73552322387695E-0001 4.75715458393097E-0001 5.84389626979828E-0001 7.04670608043671E-0001 8.40953707695007E-0001 9.96755540370941E-0001 1.17449533939362E+0000 1.37507951259613E+0000 1.59681332111359E+0000 1.79324841499329E+0000 1.71126961708069E+0000 1.62481999397278E+0000 1.53935837745667E+0000 1.45196282863617E+0000 1.35951268672943E+0000 1.25931727886200E+0000 1.14941704273224E+0000 1.02886307239532E+0000 8.98019075393677E-0001
1.00000001490116E-0001 1.16823419928550E-0001 1.95656239986420E-0001 2.80521035194397E-0001 3.68291437625885E-0001 4.04471248388290E-0001 4.86952632665634E-0001 6.86028778553009E-0001 7.25120604038239E-0001 7.52361297607422E-0001 7.65199899673462E-0001 7.60718762874603E-0001 7.35819816589355E-0001 6.87744915485382E-0001 6.14809989929199E-0001 5.17482101917267E-0001 4.00535762310028E-0001 2.08569318056107E-0001 1.51501789689064E-0001 2.01296716928482E-0001 2.90024727582932E-0001 3.99939328432083E-0001 5.24640321731567E-0001 6.64730906486511E-0001 8.21632564067841E-0001 9.95837867259979E-0001 1.18586695194244E+0000 1.38589406013489E+0000 1.61511671543121E+0000 1.74437260627747E+0000 1.77683579921722E+0000 1.74588823318481E+0000 1.69496738910675E+0000 1.55171310901642E+0000 1.46662080287933E+0000 1.37060868740082E+0000 1.26211178302765E+0000 1.14000689983368E+0000 1.00411427021027E+0000
1.00000001490116E-0001 1.00000001490116E-0001 1.46290510892868E-0001 2.21116259694099E-0001 2.37715810537338E-0001 3.14379811286926E-0001 3.83117228746414E-0001 5.99118590354919E-0001 6.27956330776215E-0001 6.46186888217926E-0001 6.51385605335236E-0001 6.41143560409546E-0001 6.13292992115021E-0001 5.66404879093170E-0001 5.00582158565521E-0001 4.18748736381531E-0001 2.07327991724014E-0001 1.46082445979118E-0001 1.17013432085514E-0001 1.36823073029518E-0001 2.40799441933632E-0001 3.45832616090775E-0001 4.74712550640106E-0001 6.24293625354767E-0001 7.92259812355042E-0001 9.75074172019958E-0001 1.16656541824341E+0000 1.41765820980072E+0000 1.58997082710266E+0000 1.71275341510773E+0000 1.78867471218109E+0000 1.79986345767975E+0000 1.77966690063477E+0000 1.73808336257935E+0000 1.67835128307343E+0000 1.60061585903168E+0000 1.39525103569031E+0000 1.27748084068298E+0000 1.14144814014435E+0000
1.00000001490116E-0001 1.00000001490116E-0001 1.01855359971523E-0001 1.03394322097301E-0001 1.72294780611992E-0001 2.37911239266396E-0001 2.96340852975845E-0001 5.22775709629059E-0001 5.43936848640442E-0001 5.56086719036102E-0001 5.57068824768066E-0001 5.44920444488525E-0001 5.18181085586548E-0001 4.76387560367584E-0001 4.20797854661942E-0001 1.96177378296852E-0001 1.43308892846107E-0001 1.02913096547126E-0001 1.00000001490116E-0001 1.08669660985469E-0001 2.05449700355530E-0001 3.02884519100189E-0001 4.30239826440811E-0001 5.83574175834656E-0001 7.57612586021423E-0001 9.45008993148804E-0001 1.13607752323151E+0000 1.40404140949249E+0000 1.57181465625763E+0000 1.70137727260590E+0000 1.78454852104187E+0000 1.85369658470154E+0000 1.86536443233490E+0000 1.85048282146454E+0000 1.81255245208740E+0000 1.75244009494781E+0000 1.66947019100189E+0000 1.56221103668213E+0000 1.42905807495117E+0000
1.00000001490116E-0001 1.00000001490116E-0001 1.00000001490116E-0001 1.00000001490116E-0001 1.20003446936607E-0001 1.77029907703400E-0001 2.27706298232079E-0001 4.57382410764694E-0001 4.73301678895950E-0001 4.82078313827515E-0001 4.81778174638748E-0001 4.70724463462830E-0001 4.47867214679718E-0001 4.13235247135162E-0001 1.85024142265320E-0001 1.41464710235596E-0001 1.01952306926250E-0001 1.00000001490116E-0001 1.00000001490116E-0001 1.00000001490116E-0001 1.39244824647903E-0001 2.64075636863708E-0001 3.87713670730591E-0001 5.43316364288330E-0001 7.23096489906311E-0001 9.15923535823822E-0001 1.20248687267303E+0000 1.39658451080322E+0000 1.56980729103088E+0000 1.71190333366394E+0000 1.81739640235901E+0000 1.92073404788971E+0000 1.96278357505798E+0000 1.97660100460052E+0000 1.96471202373505E+0000 1.92788839340210E+0000 1.86547148227692E+0000 1.77578139305115E+0000 1.65647399425507E+0000
1.00000001490116E-0001 1.00000001490116E-0001 1.00000001490116E-0001 1.00000001490116E-0001 1.00000001490116E-0001 1.32913157343864E-0001 1.77755653858185E-0001 4.02870178222656E-0001 4.15764212608337E-0001 4.23621386289597E-0001 4.24553185701370E-0001 4.16926980018616E-0001 3.99791300296783E-0001 1.79300874471664E-0001 1.44613236188889E-0001 1.10277794301509E-0001 1.00000001490116E-0001 1.00000001490116E-0001 1.00000001490116E-0001 1.00000001490116E-0001 1.16717122495174E-0001 2.26560637354851E-0001 3.45250427722931E-0001 5.05209267139435E-0001 6.94574773311615E-0001 9.85230207443237E-0001 1.19957387447357E+0000 1.40363645553589E+0000 1.58800530433655E+0000 1.74563920497894E+0000 1.87260746955872E+0000 1.96827399730682E+0000 2.07814955711365E+0000 2.12158775329590E+0000 2.13878107070923E+0000 2.13011026382446E+0000 2.09479308128357E+0000 2.03099632263184E+0000 1.93598330020905E+0000
1.00000001490116E-0001 1.00000001490116E-0001 1.00000001490116E-0001 1.00000001490116E-0001 1.00000001490116E-0001 1.06256127357482E-0001 1.46649017930031E-0001 3.58834654092789E-0001 3.70728343725204E-0001 3.79952669143677E-0001 3.84353548288345E-0001 3.82043600082397E-0001 1.81002572178841E-0001 1.54530748724937E-0001 1.27142474055290E-0001 1.00821554660797E-0001 1.00000001490116E-0001 1.00000001490116E-0001 1.00000001490116E-0001 1.00000001490116E-0001 1.03264696896076E-0001 1.91170334815979E-0001 3.02211672067642E-0001 4.73114520311356E-0001 7.51157283782959E-0001 9.84013676643372E-0001 1.21375334262848E+0000 1.43094527721405E+0000 1.62904369831085E+0000 1.80341088771820E+0000 1.95134830474854E+0000 2.07205748558044E+0000 2.21407723426819E+0000 2.28772759437561E+0000 2.33634090423584E+0000 2.35997867584229E+0000 2.35782480239868E+0000 2.32815146446228E+0000 2.26837086677551E+0000
1.00000001490116E-0001 1.00000001490116E-0001 1.00000001490116E-0001 1.00000001490116E-0001 1.00000001490116E-0001 1.00000001490116E-0001 1.34235888719559E-0001 3.24633359909058E-0001 3.37481886148453E-0001 3.50384503602982E-0001 3.60381007194519E-0001 1.90006896853447E-0001 1.71093001961708E-0001 1.51172891259193E-0001 1.31145641207695E-0001 1.12504392862319E-0001 1.00000001490116E-0001 1.00000001490116E-0001 1.00000001490116E-0001 1.00000001490116E-0001 1.11393578350544E-0001 1.50673180818558E-0001 2.58869469165802E-0001 5.00178754329681E-0001 7.54097878932953E-0001 1.00826144218445E+0000 1.25282263755798E+0000 1.48279750347137E+0000 1.69451940059662E+0000 1.88524341583252E+0000 2.05326437950134E+0000 2.19794583320618E+0000 2.37050247192383E+0000 2.47469353675842E+0000 2.55645251274109E+0000 2.61573863029480E+0000 2.65190267562866E+0000 2.66362357139587E+0000 2.64896106719971E+0000
1.00000001490116E-0001 1.00000001490116E-0001 1.00000001490116E-0001 1.00000001490116E-0001 1.00000001490116E-0001 1.06418184936046E-0001 1.40085488557816E-0001 2.99463331699371E-0001 3.15452545881271E-0001 3.34684997797012E-0001 2.05158397555351E-0001 1.93278327584267E-0001 1.80733740329742E-0001 1.67884901165962E-0001 1.55558004975319E-0001 1.44963428378105E-0001 1.37554079294205E-0001 1.34813517332077E-0001 1.38001814484596E-0001 1.47925600409508E-0001 1.64823561906815E-0001 1.88619047403336E-0001 2.54894137382507E-0001 5.32024085521698E-0001 8.05364251136780E-0001 1.06966638565063E+0000 1.32247745990753E+0000 1.56148386001587E+0000 1.78455805778503E+0000 1.98998022079468E+0000 2.17662739753723E+0000 2.34403157234192E+0000 2.49226999282837E+0000 2.67993831634521E+0000 2.79584264755249E+0000 2.89307594299316E+0000 2.97135210037231E+0000 3.02998208999634E+0000 3.06794834136963E+0000
1.00000001490116E-0001 1.00000001490116E-0001 1.00000001490116E-0001 1.00000001490116E-0001 1.00951246917247E-0001 1.33103966712952E-0001 1.63507699966431E-0001 2.82433658838272E-0001 3.04842323064804E-0001 2.25002840161324E-0001 2.19867840409279E-0001 2.14435756206512E-0001 2.08778113126755E-0001 2.03418701887131E-0001 1.99233859777451E-0001 1.97380602359772E-0001 2.40098431706429E-0001 2.44629248976707E-0001 2.53307312726974E-0001 2.67703294754028E-0001 2.91394948959351E-0001 3.36328595876694E-0001 4.45048987865448E-0001 6.43272399902344E-0001 9.15833830833435E-0001 1.17187583446503E+0000 1.42354977130890E+0000 1.66623461246490E+0000 1.89728653430939E+0000 2.11500048637390E+0000 2.31835699081421E+0000 2.50692248344421E+0000 2.68073558807373E+0000 2.89911866188049E+0000 3.04928398132324E+0000 3.18550133705139E+0000 3.30797600746155E+0000 3.41675734519958E+0000 3.51179909706116E+0000
1.00000001490116E-0001 1.00000001490116E-0001 1.00000001490116E-0001 1.22061066329479E-0001 1.49657189846039E-0001 1.77111327648163E-0001 2.03705489635468E-0001 2.72780954837799E-0001 2.48242840170860E-0001 2.49942228198051E-0001 2.51434147357941E-0001 2.85552233457565E-0001 2.91050970554352E-0001 2.96454489231110E-0001 3.02627950906754E-0001 3.10541838407516E-0001 3.21300536394119E-0001 3.36265325546265E-0001 3.57375591993332E-0001 3.87922465801239E-0001 4.34362828731537E-0001 5.09789586067200E-0001 6.36448860168457E-0001 8.11587095260620E-0001 1.02620041370392E+0000 6.51349163055420E+0000 1.11794977188110E+0001 7.24331998825073E+0000 5.94501447677612E+0000 4.91109180450439E+0000 3.71902179718018E+0000 3.12244939804077E+0000 2.87825107574463E+0000 3.06801652908325E+0000 3.31008815765381E+0000 3.48492765426636E+0000 3.65179800987244E+0000 3.81149601936340E+0000 3.96488475799561E+0000
1.46628603339195E-0001 1.59534066915512E-0001 1.75536960363388E-0001 1.94377630949020E-0001 2.15459644794464E-0001 2.50108748674393E-0001 2.65725195407867E-0001 2.79840141534805E-0001 2.95747905969620E-0001 3.11943024396896E-0001 3.26433002948761E-0001 3.39726179838181E-0001 3.52544397115707E-0001 3.65752965211868E-0001 3.80343854427338E-0001 3.97454708814621E-0001 4.18448269367218E-0001 4.45100903511047E-0001 4.79981034994125E-0001 5.27123630046844E-0001 5.93000650405884E-0001 6.96321308612823E-0001 1.12566387653351E+0000 5.02990722656250E+0000 1.25244169235229E+0001 2.70080947875977E+0001 2.92089614868164E+0001 2.11464805603027E+0001 1.74337882995605E+0001 1.45752487182617E+0001 1.18720159530639E+0001 1.00476379394531E+0001 9.22634220123291E+0000 8.06878948211670E+0000 5.87855100631714E+0000 3.79113650321960E+0000 3.99188160896301E+0000 4.20080041885376E+0000 4.41078186035156E+0000
